euro
50000
20000
10000
5000
2000
1000
500
200
100
50
20
10
5
2
1
dolar
10000
5000
2000
1000
500
200
100
50
25
10
5
1
yen
10000
5000
2000
1000
500
100
50
10
5
1
libra
5000
2000
1000
500
200
100
50
20
10
5
2
1
franco_suizo
20000
10000
5000
2000
1000
500
200
100
50
20
10
5
dolar_canadiense
10000
5000
2000
1000
500
200
100
25
10
5
dolar_australiano
10000
5000
2000
1000
500
200
100
50
20
10
5
yuan_chino
10000
5000
2000
1000
500
100
50
10
5
2
1
peso_mexicano
100000
50000
20000
10000
5000
2000
1000
500
200
100
50
20
10
5