euro
20000000000000000000000000000000000000000000000
20000000000000000000000000000000000000000000000
20000000000000000000000000000000000000000000000
20000000000000000000000000000000000000000000000
20000000000000000000000000000000000000000000000
20000000000000000000000000000000000000000000000
20000000000000000000000000000000000000000000000
20000000000000000000000000000000000000000000000
20000000000000000000000000000000000000000000001
19999999999999999999999999999999999999999999998
20000000000000000000000000000000000000000000000
20000000000000000000000000000000000000000000000
20000000000000000000000000000000000000000000000
20000000000000000000000000000000000000000000000
20000000000000000000000000000000000000000000000
dolar
20000000000000000000000000000000000000000000000
20000000000000000000000000000000000000000000000
20000000000000000000000000000000000000000000000
20000000000000000000000000000000000000000000000
20000000000000000000000000000000000000000000000
20000000000000000000000000000000000000000000000
20000000000000000000000000000000000000000000000
20000000000000000000000000000000000000000000000
20000000000000000000000000000000000000000000000
20000000000000000000000000000000000000000000000
20000000000000000000000000000000000000000000000
20000000000000000000000000000000000000000000000
yen
20000000000000000000000000000000000000000000000
20000000000000000000000000000000000000000000000
20000000000000000000000000000000000000000000000
20000000000000000000000000000000000000000000000
20000000000000000000000000000000000000000000000
20000000000000000000000000000000000000000000000
20000000000000000000000000000000000000000000000
20000000000000000000000000000000000000000000000
20000000000000000000000000000000000000000000000
20000000000000000000000000000000000000000000000
libra
20000000000000000000000000000000000000000000000
20000000000000000000000000000000000000000000000
20000000000000000000000000000000000000000000000
20000000000000000000000000000000000000000000000
20000000000000000000000000000000000000000000000
20000000000000000000000000000000000000000000000
20000000000000000000000000000000000000000000000
20000000000000000000000000000000000000000000000
20000000000000000000000000000000000000000000000
20000000000000000000000000000000000000000000000
20000000000000000000000000000000000000000000000
20000000000000000000000000000000000000000000000
franco_suizo
20000000000000000000000000000000000000000000000
20000000000000000000000000000000000000000000000
20000000000000000000000000000000000000000000000
20000000000000000000000000000000000000000000000
20000000000000000000000000000000000000000000000
20000000000000000000000000000000000000000000000
20000000000000000000000000000000000000000000000
20000000000000000000000000000000000000000000000
20000000000000000000000000000000000000000000000
20000000000000000000000000000000000000000000000
20000000000000000000000000000000000000000000000
20000000000000000000000000000000000000000000000
dolar_canadiense
20000000000000000000000000000000000000000000000
20000000000000000000000000000000000000000000000
20000000000000000000000000000000000000000000000
20000000000000000000000000000000000000000000000
20000000000000000000000000000000000000000000000
20000000000000000000000000000000000000000000000
20000000000000000000000000000000000000000000000
20000000000000000000000000000000000000000000000
20000000000000000000000000000000000000000000000
20000000000000000000000000000000000000000000000
dolar_australiano
20000000000000000000000000000000000000000000000
20000000000000000000000000000000000000000000000
20000000000000000000000000000000000000000000000
20000000000000000000000000000000000000000000000
20000000000000000000000000000000000000000000000
20000000000000000000000000000000000000000000000
20000000000000000000000000000000000000000000000
20000000000000000000000000000000000000000000000
20000000000000000000000000000000000000000000000
20000000000000000000000000000000000000000000000
20000000000000000000000000000000000000000000000
yuan_chino
20000000000000000000000000000000000000000000000
20000000000000000000000000000000000000000000000
20000000000000000000000000000000000000000000000
20000000000000000000000000000000000000000000000
20000000000000000000000000000000000000000000000
20000000000000000000000000000000000000000000000
20000000000000000000000000000000000000000000000
20000000000000000000000000000000000000000000000
20000000000000000000000000000000000000000000000
20000000000000000000000000000000000000000000000
20000000000000000000000000000000000000000000000
peso_mexicano
20000000000000000000000000000000000000000000000
20000000000000000000000000000000000000000000000
20000000000000000000000000000000000000000000000
20000000000000000000000000000000000000000000000
20000000000000000000000000000000000000000000000
20000000000000000000000000000000000000000000000
20000000000000000000000000000000000000000000000
20000000000000000000000000000000000000000000000
20000000000000000000000000000000000000000000000
20000000000000000000000000000000000000000000000
20000000000000000000000000000000000000000000000
20000000000000000000000000000000000000000000000
20000000000000000000000000000000000000000000000
20000000000000000000000000000000000000000000000